"rowid" "kepid" "kepoi.Name" "koi.period" "koi.period.err1" "koi.period.err2" "koi.duration" "koi.duration.err1" "koi.duration.err2" "koi.depth" "koi.depth.err1" "koi.depth.err2" "koi.ror" "koi.ror.err1" "koi.ror.err2" "koi.srho" "koi.srho.err1" "koi.srho.err2" "koi.prad" "koi.prad.err1" "koi.prad.err2" "koi.insol" "koi.insol.err1" "koi.insol.err2" "koi.steff" "koi.steff.err1" "koi.steff.err2" "koi.slogg" "koi.slogg.err1" "koi.slogg.err2" "koi.srad" "koi.srad.err1" "koi.srad.err2" "koi.smass" "koi.smass.err1" "koi.smass.err2"
167 12252424 K00153.02 4.75400115 2.951e-06 -2.951e-06 2.5037 0.018 -0.018 774.1 6.5 -6.5 0.024604 0.000515 -0.000393 2.56999 0.19214 -0.58374 1.9 0.08 -0.09 82.9 14.41 -13.42 4591.0 96.0 -89.0 4.579 0.031 -0.016 0.709 0.028 -0.034 0.696 0.04 -0.028
195 7831264 K00171.01 5.968717469 5.665e-06 -5.665e-06 3.6582 0.0296 -0.0296 527.9 5.1 -5.1 0.021715 0.001478 -0.000456 0.71607 0.37328 -0.03367 2.78 1.82 -0.32 465.23 944.17 -148.12 6484.0 166.0 -218.0 4.377 0.064 -0.366 1.173 0.768 -0.136 1.195 0.281 -0.176
256 4249725 K00222.01 6.312503728 5.38e-06 -5.38e-06 2.7476 0.0264 -0.0264 1371.3 13.6 -13.6 0.033163 0.000675 -0.000331 2.77559 0.18179 -0.52956 2.06 0.33 -0.32 26.01 31.11 -10.71 4096.0 538.0 -187.0 4.697 0.095 -0.095 0.57 0.09 -0.09 0.59 0.09 -0.09
277 7219825 K00238.01 17.23231686 3.565e-05 -3.565e-05 4.5318 0.0539 -0.0539 522.3 9.3 -9.3 0.021011 0.000489 -0.000327 1.56512 0.12106 -0.52047 2.51 0.42 -0.23 85.06 39.22 -20.29 6086.0 104.0 -124.0 4.367 0.077 -0.134 1.092 0.184 -0.099 1.012 0.063 -0.058
280 6383785 K00239.02 3.62269606 6.47e-05 -6.47e-05 1.79 0.519 -0.519 207.7 43.4 -43.4 0.0134 0.000675 -0.002712 4.74212 2.51389 -4.64718 1.45 0.58 -0.14 589.5 697.43 -170.23 6217.0 162.0 -212.0 4.472 0.048 -0.29 0.989 0.399 -0.095 1.056 0.183 -0.134
288 4349452 K00244.02 6.238534771 2.116e-06 -2.116e-06 3.54393 0.0089 -0.0089 402.8 1.5 -1.5 0.01844 0.000106 -4.5e-05 1.25216 0.01115 -0.10069 2.64 0.04 -0.05 479.56 42.51 -39.59 6270.0 79.0 -79.0 4.279 0.009 -0.009 1.309 0.023 -0.023 1.187 0.06 -0.06
305 10489206 K00251.01 4.164383815 1.742e-06 -1.742e-06 1.8428 0.0233 -0.0233 2529.1 20.2 -20.2 0.047659 0.000277 -0.001633 3.77039 2.65485 -0.06181 2.71 0.31 -0.32 29.9 9.86 -8.06 3810.0 64.0 -65.0 4.738 0.07 -0.07 0.52 0.06 -0.06 0.54 0.06 -0.06
312 7021681 K00255.02 13.603082 0.000185 -0.000185 2.521 0.338 -0.338 173.8 25.9 -25.9 0.012186 0.000931 -0.001122 5.22827 5.08495 -2.64212 0.68 0.08 -0.08 5.77 1.95 -1.64 3770.0 66.0 -78.0 4.747 0.071 -0.071 0.51 0.06 -0.06 0.53 0.06 -0.06
329 7375348 K00266.01 25.30889748 5.747e-05 -5.747e-05 5.6829 0.0578 -0.0578 155.4 2.9 -2.9 0.012212 9e-06 -0.000769 0.4372 0.65231 -0.01428 2.36 1.04 -0.81 130.61 174.01 -82.32 6283.0 181.0 -237.0 4.046 0.278 -0.241 1.768 0.783 -0.607 1.269 0.269 -0.262
337 8077137 K00274.01 15.08960174 4.426e-05 -4.426e-05 4.2108 0.065 -0.065 74.2 2.7 -2.7 0.007889 0.000289 -0.0002 1.74529 0.03233 -0.67834 1.43 0.03 -0.03 209.9 20.78 -19.22 6072.0 75.0 -75.0 4.07 0.011 -0.011 1.659 0.038 -0.038 1.184 0.074 -0.074
352 5695396 K00283.01 16.09197176 1.09e-05 -1.09e-05 2.879 0.0177 -0.0177 435.4 3.7 -3.7 0.018914 0.000314 -0.0001 6.01729 0.16107 -1.09949 1.98 0.34 -0.09 56.65 26.81 -9.56 5791.0 107.0 -133.0 4.505 0.022 -0.143 0.958 0.163 -0.043 1.071 0.049 -0.083
372 11547513 K00295.01 5.317435416 5.26e-06 -5.26e-06 2.8875 0.0257 -0.0257 284.2 3.6 -3.6 0.015421 0.000317 -0.000159 1.88413 0.11226 -0.50482 2.58 1.34 -0.7 687.55 1081.42 -375.01 6068.0 167.0 -231.0 4.167 0.202 -0.292 1.533 0.796 -0.416 1.263 0.235 -0.247
380 3642289 K00301.01 6.002535939 9.299e-06 -9.299e-06 3.9088 0.0369 -0.0369 200.8 3.1 -3.1 0.013043 0.000227 -0.000196 0.87006 0.01624 -0.28448 1.72 1.27 -0.22 462.88 1061.12 -160.39 6388.0 141.0 -225.0 4.349 0.076 -0.394 1.209 0.891 -0.159 1.187 0.297 -0.17
386 6029239 K00304.02 5.5181712 7.216e-05 -7.216e-05 2.32 0.284 -0.284 28.9 3.9 -3.9 0.005273 1.6e-05 -0.000759 1.35309 3.26091 -0.12994 1.05 0.42 -0.39 1034.34 1191.44 -666.76 6164.0 158.0 -179.0 3.985 0.326 -0.196 1.825 0.72 -0.671 1.173 0.299 -0.201
394 7050989 K00312.01 11.5789114 1.671e-05 -1.671e-05 2.7825 0.0365 -0.0365 242.3 4.3 -4.3 0.015157 5.6e-05 -0.000893 1.89287 2.48087 -0.16239 1.97 0.38 -0.19 163.29 82.4 -40.94 6156.0 78.0 -135.0 4.354 0.06 -0.137 1.188 0.233 -0.113 1.168 0.092 -0.109
409 8753657 K00321.01 2.426300839 2.349e-06 -2.349e-06 2.6339 0.0257 -0.0257 189.0 2.2 -2.2 0.012465 0.000267 -0.000169 1.11957 0.07395 -0.32855 1.32 0.24 -0.06 688.67 349.41 -115.02 5697.0 117.0 -118.0 4.487 0.029 -0.15 0.973 0.174 -0.047 1.058 0.064 -0.072
424 10290666 K00332.01 5.458498316 9.07e-06 -9.07e-06 4.0346 0.0395 -0.0395 262.9 3.9 -3.9 0.015827 0.000867 -0.001077 0.2821 0.3757 -0.02934 2.18 0.49 -0.33 379.14 230.36 -128.32 5716.0 96.0 -132.0 4.29 0.113 -0.157 1.259 0.285 -0.186 1.126 0.101 -0.107
438 10878263 K00341.02 4.699653236 7.953e-06 -7.953e-06 2.4011 0.0489 -0.0489 462.1 11.0 -11.0 0.021196 0.002068 -0.001594 1.07514 1.65986 -0.75139 2.19 0.4 -0.18 266.3 133.46 -57.75 5523.0 103.0 NaN 4.437 0.078 -0.134 0.946 0.171 -0.078 0.892 0.063 -0.042
461 11568987 K00354.02 7.37862283 3.888e-05 -3.888e-05 3.207 0.134 -0.134 117.8 6.1 -6.1 0.010098 0.000332 -0.000402 1.42559 0.82035 -0.24381 1.06 0.17 -0.05 178.68 75.31 -30.15 5936.0 102.0 -131.0 4.501 0.022 -0.127 0.965 0.147 -0.045 1.075 0.041 -0.081
478 8494142 K00370.02 22.95068896 9.568e-05 -9.568e-05 4.439 0.106 -0.106 138.6 4.3 -4.3 0.01088 0.00021 -0.000365 1.94354 0.43988 -0.53407 2.2 0.06 -0.06 145.5 18.84 -17.02 6144.0 106.0 -106.0 4.022 0.012 -0.012 1.85 0.05 -0.05 1.319 0.101 -0.101
534 5791986 K00413.01 15.22895698 2.008e-05 -2.008e-05 2.5574 0.0446 -0.0446 1186.2 20.1 -20.1 0.03334 6.3e-05 -0.002136 3.74862 4.46044 -0.22528 2.98 1.16 -0.24 40.31 48.02 -9.67 5460.0 172.0 -143.0 4.553 0.033 -0.251 0.818 0.32 -0.066 0.874 0.093 -0.082
558 10717241 K00430.02 9.3405269 8.417e-05 -8.417e-05 2.593 0.216 -0.216 220.0 20.0 -20.0 0.013578 0.000982 -0.000544 3.7621 2.09394 -1.47509 0.71 0.09 -0.09 8.9 3.57 -2.49 3797.0 98.0 -58.0 4.783 0.075 -0.075 0.48 0.06 -0.06 0.51 0.06 -0.06
600 7440748 K00457.01 4.921354681 3.799e-06 -3.799e-06 1.8648 0.0205 -0.0205 800.1 10.2 -10.2 0.025593 0.000245 -0.000664 5.98091 0.96774 -1.08293 2.07 0.33 -0.16 116.67 61.78 -26.31 5079.0 160.0 -130.0 4.609 0.027 -0.101 0.739 0.12 -0.054 0.817 0.078 -0.089
674 6266741 K00508.01 7.930587745 9.744e-06 -9.744e-06 3.6171 0.0412 -0.0412 831.9 10.8 -10.8 0.027185 0.002532 -0.001022 0.89667 0.53003 -0.611 2.94 0.42 -0.15 140.16 57.71 -24.44 5655.0 107.0 -126.0 4.481 0.03 -0.125 0.99 0.143 -0.049 1.081 0.048 -0.08
702 8806123 K00523.02 36.8568008 0.0001623 -0.0001623 8.674 0.267 -0.267 803.5 20.4 -20.4 0.031101 0.00043 -0.004355 0.05233 0.56174 -0.01652 3.62 1.89 -0.37 30.83 48.08 -9.08 6220.0 156.0 -207.0 4.414 0.061 -0.319 1.066 0.557 -0.108 1.07 0.245 -0.119
728 11823054 K00543.02 3.137848829 7.802e-06 -7.802e-06 1.9148 0.0643 -0.0643 310.8 12.2 -12.2 0.016017 0.000542 -0.000548 3.54077 0.81572 -0.98741 1.33 0.34 -0.1 266.89 208.74 -59.61 5324.0 170.0 -135.0 4.597 0.027 -0.155 0.761 0.193 -0.055 0.84 0.089 -0.09
732 12058931 K00546.02 9.82578435 3.719e-05 -3.719e-05 5.1103 0.0866 -0.0866 475.7 13.2 -13.2 0.021803 0.001639 -0.001829 0.19037 0.43792 -0.04549 2.73 1.64 -0.32 192.75 355.73 -59.94 6215.0 163.0 -195.0 4.397 0.062 -0.343 1.145 0.689 -0.132 1.195 0.253 -0.188
739 4270253 K00551.02 5.6879831 1.252e-05 -1.252e-05 2.2138 0.0587 -0.0587 542.2 18.2 -18.2 0.021293 0.00069 -0.000447 4.45432 0.568 -1.29988 2.19 0.84 -0.18 239.99 267.1 -64.58 5888.0 159.0 -194.0 4.504 0.038 -0.278 0.944 0.357 -0.081 1.037 0.131 -0.128
762 7595157 K00568.02 2.358951515 8.367e-06 -8.367e-06 1.633 0.12 -0.12 98.7 7.0 -7.0 0.008961 0.000615 -0.000244 4.66641 0.83965 -2.10003 0.8 0.24 -0.05 463.37 410.87 -102.6 5438.0 157.0 -139.0 4.574 0.023 -0.204 0.82 0.244 -0.058 0.92 0.066 -0.09
772 8193178 K00572.02 4.93886507 3.661e-05 -3.661e-05 4.372 0.154 -0.154 127.9 6.8 -6.8 0.010501 0.000351 -0.000408 0.4131 0.12257 -0.12489 1.26 0.41 -0.23 451.27 436.69 -181.79 5945.0 166.0 -170.0 4.308 0.168 -0.219 1.099 0.36 -0.199 0.896 0.138 -0.08
776 8355239 K00574.02 10.39990194 4.984e-05 -4.984e-05 3.41 0.113 -0.113 325.6 15.9 -15.9 0.016163 0.000773 -0.00045 2.31395 0.25037 -0.83075 1.33 0.29 -0.1 49.66 34.1 -11.38 5228.0 175.0 -137.0 4.6 0.028 -0.132 0.755 0.163 -0.056 0.836 0.084 -0.093
782 8616637 K00579.01 2.020001021 2.549e-06 -2.549e-06 1.836 0.0318 -0.0318 341.7 6.8 -6.8 0.01663 0.000505 -0.000229 2.77228 0.36431 -0.70227 1.43 0.35 -0.11 467.85 359.58 -104.38 5239.0 171.0 -135.0 4.585 0.026 -0.159 0.785 0.194 -0.056 0.868 0.075 -0.086
822 4832837 K00605.01 2.628113746 1.772e-06 -1.772e-06 1.8548 0.0247 -0.0247 997.9 11.9 -11.9 0.031073 0.000115 -0.002344 1.41056 2.27306 -0.06276 1.9 0.31 -0.31 70.0 64.9 -24.25 3941.0 369.0 -73.0 4.705 0.097 -0.097 0.56 0.09 -0.09 0.58 0.09 -0.09
854 4478168 K00626.02 8.02918943 9.8e-05 -9.8e-05 3.245 0.375 -0.375 70.7 7.2 -7.2 0.00777 0.000369 -0.000568 1.783 0.08916 -1.19273 0.86 0.14 -0.05 207.14 87.5 -36.91 6157.0 92.0 -129.0 4.449 0.029 -0.124 1.014 0.16 -0.055 1.05 0.044 -0.063
856 4563268 K00627.02 4.1653651 1.304e-05 -1.304e-05 3.2895 0.0672 -0.0672 122.6 4.2 -4.2 0.010118 0.000349 -0.000221 1.01057 0.08921 -0.35139 1.18 0.28 -0.05 493.74 306.77 -84.35 6077.0 98.0 -135.0 4.444 0.023 -0.174 1.072 0.25 -0.051 1.165 0.095 -0.094
878 5531694 K00647.01 5.16950177 1.029e-05 -1.029e-05 4.507 0.0482 -0.0482 213.6 3.6 -3.6 0.013544 0.000267 -0.000214 0.46085 0.05638 -0.11399 1.61 0.69 -0.19 526.76 656.12 -168.63 6458.0 162.0 -209.0 4.378 0.082 -0.276 1.089 0.464 -0.13 1.028 0.172 -0.114
928 7509886 K00678.02 4.138536769 6.44e-06 -6.44e-06 2.3093 0.0379 -0.0379 267.7 5.7 -5.7 0.014629 0.000563 -0.000207 2.96587 0.41314 -0.83426 2.49 1.64 -1.11 677.66 1456.96 -490.83 5244.0 180.0 -141.0 4.02 0.481 -0.331 1.56 1.028 -0.695 0.929 0.144 -0.088
930 7515212 K00679.02 16.2583586 0.0002149 -0.0002149 6.955 0.337 -0.337 59.7 4.5 -4.5 0.007021 0.000415 -0.000246 0.39807 0.11387 -0.13455 0.87 0.22 -0.07 82.68 54.65 -19.31 5914.0 98.0 -129.0 4.38 0.06 -0.179 1.141 0.282 -0.097 1.137 0.096 -0.092
943 8480285 K00691.02 16.2254649 0.0001556 -0.0001556 6.493 0.22 -0.22 118.9 6.8 -6.8 0.010008 0.000368 -0.000392 0.48535 0.06467 -0.16332 1.15 0.2 -0.13 83.3 40.91 -22.63 5955.0 114.0 -120.0 4.361 0.104 -0.138 1.053 0.185 -0.117 0.93 0.071 -0.065
1162 5531576 K00837.02 4.14451776 1.336e-05 -1.336e-05 2.3683 0.0945 -0.0945 421.2 19.8 -19.8 0.018407 0.000736 -0.000672 2.49621 0.61098 -0.80827 1.54 0.17 -0.11 144.68 59.04 -33.89 4988.0 161.0 -138.0 4.586 0.028 -0.075 0.766 0.087 -0.057 0.823 0.061 -0.077
1205 6949607 K00870.01 5.912268297 5.983e-06 -5.983e-06 2.4234 0.0311 -0.0311 1062.9 15.5 -15.5 0.03077 4.4e-05 -0.002178 2.04261 1.42284 -1.16916 1.92 0.3 -0.31 27.72 43.57 -10.51 4072.0 720.0 -133.0 4.697 0.101 -0.101 0.57 0.09 -0.09 0.59 0.1 -0.1
1277 8505670 K00912.02 6.66834872 1.898e-05 -1.898e-05 1.912 0.073 -0.073 428.8 18.7 -18.7 0.018574 0.000598 -0.000861 7.39154 1.81736 -2.22577 1.2 0.18 -0.19 28.25 64.42 -10.02 4208.0 1067.0 -111.0 4.681 0.097 -0.097 0.59 0.09 -0.09 0.61 0.1 -0.1
1413 1432789 K00992.02 4.57833333 6.376e-05 -6.376e-05 3.984 0.274 -0.274 149.0 15.1 -15.1 0.011117 0.000731 -0.000656 0.63466 0.01871 -0.36538 1.11 0.43 -0.09 306.24 346.44 -81.45 5880.0 157.0 -190.0 4.518 0.034 -0.283 0.917 0.353 -0.078 1.01 0.112 -0.126
1524 3240158 K01106.01 7.42608998 1.952e-05 -1.952e-05 3.7017 0.0774 -0.0774 482.9 13.9 -13.9 0.02132 0.002428 -0.00112 0.56673 0.63166 -0.43708 2.35 0.95 -0.22 235.02 278.17 -67.17 6225.0 156.0 -209.0 4.461 0.048 -0.287 1.009 0.41 -0.096 1.07 0.197 -0.134
1601 10337517 K01165.02 4.29264638 3.429e-05 -3.429e-05 2.622 0.2 -0.2 62.5 6.2 -6.2 0.007639 0.0001 -0.000752 0.90656 1.39535 -0.03698 0.93 0.31 -0.2 520.87 524.19 -229.57 5775.0 164.0 -140.0 4.267 0.212 -0.221 1.114 0.378 -0.239 0.839 0.142 -0.054
1612 10350571 K01175.02 17.1570874 0.0002516 -0.0002516 11.249 0.359 -0.359 112.7 8.2 -8.2 0.010423 0.001969 -0.000905 0.03698 0.06781 -0.00532 2.04 0.53 -0.52 161.11 114.66 -77.56 5611.0 110.0 -98.0 3.958 0.205 -0.135 1.791 0.463 -0.455 1.062 0.177 -0.131
1662 3939150 K01215.01 17.32417247 6.505e-05 -6.505e-05 8.169 0.102 -0.102 246.7 5.6 -5.6 0.016004 3.7e-05 -0.001641 0.06278 0.18186 -0.00872 2.96 0.73 -0.64 171.81 118.37 -73.65 5941.0 121.0 -113.0 4.032 0.174 -0.129 1.692 0.42 -0.363 1.125 0.187 -0.112
1696 6448890 K01241.02 10.5007334 0.0001781 -0.0001781 13.366 0.402 -0.402 144.2 5.1 -5.1 0.010738 0.000332 -0.000237 0.03356 0.00913 -0.00651 4.96 0.18 -0.18 828.32 133.15 -117.65 4840.0 97.0 -97.0 3.306 0.045 -0.045 4.23 0.15 -0.15 1.32 0.13 -0.13
1728 8564587 K01270.01 5.729328624 5.893e-06 -5.893e-06 1.2501 0.0585 -0.0585 874.1 22.1 -22.1 0.033651 0.000145 -0.004964 2.74529 15.2145 -1.15749 2.91 0.65 -0.22 124.97 87.52 -29.03 5324.0 166.0 -140.0 4.585 0.026 -0.15 0.791 0.179 -0.06 0.884 0.066 -0.098
1743 8628758 K01279.02 9.65185017 5.013e-05 -5.013e-05 4.457 0.131 -0.131 108.4 5.8 -5.8 0.010429 0.001357 -0.000957 0.25901 0.58401 -0.20792 1.17 0.21 -0.11 138.84 69.57 -34.75 5775.0 111.0 -117.0 4.389 0.089 -0.139 1.031 0.185 -0.101 0.95 0.066 -0.061
1788 10794087 K01316.01 7.64972303 4.723e-05 -4.723e-05 6.576 0.125 -0.125 54.2 2.3 -2.3 0.008064 0.000322 -0.001406 0.02313 0.1712 -0.006 1.78 0.28 -0.41 592.33 270.75 -266.94 5720.0 121.0 -100.0 3.915 0.172 -0.101 2.024 0.319 -0.47 1.23 0.142 -0.168
1851 6936909 K01363.01 3.54653414 1.008e-05 -1.008e-05 2.2937 0.0804 -0.0804 484.0 20.7 -20.7 0.020142 0.000776 -0.000527 2.54384 0.38113 -0.94152 2.17 0.86 -0.2 510.26 603.81 -148.4 5993.0 167.0 -227.0 4.489 0.041 -0.288 0.986 0.393 -0.089 1.093 0.189 -0.148
1900 8874090 K01404.01 13.32388301 5.212e-05 -5.212e-05 3.2768 0.0961 -0.0961 892.5 37.7 -37.7 0.027567 0.000758 -0.000854 3.02198 0.92756 -0.58661 1.35 0.28 -0.27 4.82 4.77 -2.06 3750.0 315.0 -105.0 4.813 0.125 -0.125 0.45 0.09 -0.09 0.48 0.1 -0.1
2056 9821454 K01529.02 11.8691507 0.0002814 -0.0002814 4.556 0.369 -0.369 98.8 9.4 -9.4 0.009258 0.000553 -0.00045 0.89116 0.5064 -0.36292 1.02 0.44 -0.09 133.14 166.18 -37.13 6305.0 155.0 -201.0 4.458 0.048 -0.296 1.011 0.433 -0.095 1.066 0.199 -0.129
2144 5289854 K01593.01 9.69502544 5.085e-05 -5.085e-05 2.691 0.104 -0.104 593.0 36.6 -36.6 0.022303 0.000936 -0.00085 4.27803 0.36294 -1.80332 2.23 0.92 -0.2 114.06 142.04 -30.73 5896.0 172.0 -193.0 4.516 0.036 -0.298 0.914 0.379 -0.079 1.0 0.12 -0.125
2336 3967760 K01760.01 5.52417517 2.216e-05 -2.216e-05 2.7411 0.0997 -0.0997 520.5 26.8 -26.8 0.020679 0.000951 -0.000598 2.15948 0.51264 -0.6569 2.11 0.77 -0.18 193.67 209.39 -49.02 5497.0 160.0 -147.0 4.486 0.052 -0.258 0.936 0.339 -0.082 0.978 0.079 -0.083
2363 10005758 K01783.01 134.4786723 0.0001796 -0.0001796 5.8898 0.0642 -0.0642 4112.2 53.1 -53.1 0.071753 0.001226 -0.000938 0.88206 0.04133 -0.0682 7.5 2.65 -0.66 4.55 4.62 -1.19 6215.0 152.0 -181.0 4.488 0.044 -0.263 0.957 0.338 -0.084 1.027 0.131 -0.118
2417 2989404 K01824.02 1.67832545 2.009e-06 -2.009e-06 2.3339 0.0275 -0.0275 151.0 2.3 -2.3 0.011305 0.00023 -0.000143 1.16534 0.0055 -0.40867 1.7 1.03 -0.37 3180.75 5802.79 -1476.62 6277.0 150.0 -194.0 4.211 0.178 -0.312 1.378 0.831 -0.304 1.123 0.306 -0.145
2447 5080636 K01843.01 4.194496514 5.031e-06 -5.031e-06 1.8482 0.0438 -0.0438 745.0 16.4 -16.4 0.029387 0.000236 -0.00521 1.33241 4.07039 -0.53838 1.44 0.26 -0.16 19.17 9.52 -4.92 3584.0 69.0 -54.0 4.799 0.06 -0.09 0.45 0.08 -0.05 0.464 0.08 -0.05
2486 4939346 K01873.02 34.9176592 0.0006808 -0.0006808 9.874 0.355 -0.355 627.6 38.8 -38.8 0.028656 6.5e-05 -0.006537 0.02146 0.44007 -0.00263 3.33 1.38 -0.33 30.56 38.17 -9.7 6167.0 181.0 -259.0 4.444 0.047 -0.273 1.064 0.442 -0.106 1.149 0.216 -0.165
2506 11074178 K01889.02 9.18186435 6.254e-05 -6.254e-05 3.396 0.231 -0.231 326.4 23.0 -23.0 0.016676 0.000901 -0.000584 1.67063 0.71832 -0.56619 1.55 0.67 -0.12 99.6 128.1 -23.69 5735.0 163.0 -149.0 4.548 0.03 -0.298 0.852 0.366 -0.068 0.934 0.097 -0.098
2509 8680979 K01891.02 8.25981532 4.818e-05 -4.818e-05 2.982 0.151 -0.151 327.0 20.0 -20.0 0.016121 0.000987 -0.000407 2.75123 0.35351 -1.05927 1.31 0.21 -0.1 60.12 31.7 -13.63 5108.0 164.0 -130.0 4.608 0.027 -0.101 0.743 0.119 -0.055 0.825 0.072 -0.092
2520 7047922 K01899.02 10.5225498 0.0002269 -0.0002269 3.797 0.505 -0.505 64.3 9.6 -9.6 0.007393 0.000662 -0.000592 1.60585 0.50795 -1.56976 0.95 0.5 -0.17 213.96 385.37 -109.64 6327.0 301.0 -493.0 4.327 0.131 -0.295 1.175 0.617 -0.21 1.064 0.277 -0.158
2531 5706966 K01908.01 12.55109333 3.106e-05 -3.106e-05 3.2021 0.0642 -0.0642 554.5 15.7 -15.7 0.02297 0.000285 -0.002298 1.36406 1.84882 -0.13526 1.46 0.15 -0.13 11.52 3.66 -2.7 4159.0 94.0 -78.0 4.68 0.034 -0.053 0.583 0.057 -0.053 0.589 0.058 -0.053
2571 5202905 K01932.02 14.8444163 0.0002281 -0.0002281 5.654 0.39 -0.39 192.4 19.9 -19.9 0.013293 0.000266 -0.001251 0.38998 0.30764 -0.05944 4.61 1.02 -1.61 1846.81 1224.15 -1186.7 8241.0 226.0 -345.0 3.745 0.295 -0.112 3.177 0.704 -1.108 2.046 0.36 -0.397
2580 10005788 K01940.02 6.73679732 NaN NaN 2.36 NaN NaN NaN NaN NaN NaN 0.001 0.001 NaN NaN NaN NaN NaN NaN NaN NaN NaN NaN NaN NaN NaN NaN NaN NaN 1.4 1.4 NaN 0.5 0.5
2630 9412760 K01977.02 7.41557859 3.316e-05 -3.316e-05 2.076 0.11 -0.11 166.9 10.8 -10.8 0.011421 0.000448 -0.0007 7.23834 2.17855 -2.8582 0.79 0.06 -0.09 32.7 10.17 -9.42 4386.0 128.0 -132.0 4.629 0.058 -0.026 0.63 0.051 -0.065 0.616 0.065 -0.052
2690 11450414 K01992.01 12.7983044 6.253e-05 -6.253e-05 6.354 0.126 -0.126 336.2 10.0 -10.0 0.018252 7e-06 -0.00151 0.13331 0.27837 -0.01282 1.99 0.77 -0.19 102.02 113.09 -28.67 6092.0 144.0 -198.0 4.471 0.046 -0.278 0.998 0.385 -0.094 1.074 0.183 -0.139
2697 4736569 K01996.02 7.07399255 6.04e-05 -6.04e-05 2.436 0.155 -0.155 263.6 26.5 -26.5 0.014866 0.000979 -0.000824 3.85032 1.408 -1.39768 0.91 0.07 -0.06 41.43 13.57 -10.29 4777.0 173.0 -166.0 4.689 0.052 -0.034 0.561 0.041 -0.039 0.561 0.042 -0.025
2684 8564674 K02022.01 5.92973644 1.305e-05 -1.305e-05 2.4534 0.0568 -0.0568 430.1 12.7 -12.7 0.018974 0.000544 -0.00042 3.48156 0.2562 -1.20531 1.89 0.65 -0.16 224.5 227.98 -56.35 5941.0 156.0 -175.0 4.519 0.034 -0.258 0.911 0.317 -0.074 1.001 0.1 -0.119
2705 3657758 K02034.02 2.37030743 1.691e-05 -1.691e-05 1.845 0.139 -0.139 317.0 27.3 -27.3 0.016454 0.000749 -0.001007 2.64454 1.32848 -0.94293 1.56 0.67 -0.12 588.1 775.1 -147.11 5668.0 181.0 -174.0 4.545 0.028 -0.3 0.868 0.373 -0.068 0.963 0.097 -0.1
2708 6382217 K02036.02 5.7952971 3.286e-05 -3.286e-05 2.286 0.143 -0.143 369.1 28.9 -28.9 0.018856 0.00538 -0.002368 1.63605 2.76521 -1.2307 1.08 0.2 -0.11 21.42 12.34 -5.24 3903.0 104.0 -77.0 4.735 0.06 -0.1 0.523 0.1 -0.05 0.541 0.1 -0.05
2812 8612275 K02111.01 3.289722169 8.334e-06 -8.334e-06 2.3218 0.0633 -0.0633 246.0 9.8 -9.8 0.014398 0.000501 -0.000365 2.24962 0.1949 -0.84013 1.62 0.67 -0.18 667.45 818.64 -205.5 6052.0 162.0 -201.0 4.424 0.068 -0.283 1.028 0.427 -0.113 1.022 0.18 -0.123
2816 7207061 K02113.02 12.33090437 4.582e-05 -4.582e-05 3.0549 0.0776 -0.0776 979.8 37.1 -37.1 0.028252 0.00108 -0.000593 3.77691 0.41991 -1.10923 2.49 0.92 -0.19 47.99 56.47 -11.62 5376.0 201.0 -162.0 4.576 0.026 -0.24 0.806 0.299 -0.06 0.897 0.08 -0.089
2868 5211199 K02158.01 4.56204856 1.935e-05 -1.935e-05 2.796 0.101 -0.101 85.4 4.2 -4.2 0.008367 0.000312 -0.000313 1.69462 0.28598 -0.58066 1.33 0.72 -0.52 622.54 1032.27 -413.47 5445.0 158.0 -139.0 4.061 0.415 -0.289 1.46 0.788 -0.569 0.896 0.103 -0.081
2875 9205938 K02162.01 108.593329 0.001003 -0.001003 7.988 0.192 -0.192 349.6 15.0 -15.0 0.017187 0.000701 -0.000383 1.8857 0.0426 -0.80096 1.58 0.69 -0.11 4.67 5.86 -1.07 6106.0 152.0 -174.0 4.556 0.027 -0.312 0.844 0.363 -0.059 0.935 0.099 -0.11
2895 11774991 K02173.01 37.8156219 0.0001804 -0.0001804 4.464 0.116 -0.116 275.8 11.0 -11.0 0.01471 0.000561 -0.000432 3.49879 0.53191 -0.93478 1.15 0.07 -0.04 5.66 1.18 -0.81 4722.0 91.0 -97.0 4.607 0.014 -0.042 0.718 0.042 -0.025 0.759 0.032 -0.042
2994 8168187 K02209.01 18.3027248 0.0001389 -0.0001389 8.164 0.211 -0.211 200.4 9.3 -9.3 0.013984 0.002013 -0.001143 0.09668 0.17728 -0.00043 1.22 0.56 -0.1 37.04 51.18 -8.95 5692.0 170.0 -139.0 4.547 0.045 -0.285 0.8 0.364 -0.068 0.822 0.11 -0.069
2976 10723367 K02236.02 12.12582991 7.572e-05 -7.572e-05 3.202 0.173 -0.173 344.3 28.2 -28.2 0.017091 0.000702 -0.001064 2.76203 1.05708 -0.76833 1.58 0.54 -0.12 72.15 71.84 -17.49 5821.0 154.0 -162.0 4.554 0.03 -0.245 0.848 0.289 -0.067 0.937 0.091 -0.106
2983 4770617 K02243.01 5.1856142 2.676e-05 -2.676e-05 4.076 0.119 -0.119 264.0 10.7 -10.7 0.014959 0.000513 -0.0005 0.63539 0.07831 -0.22771 1.67 0.62 -0.15 369.66 396.48 -101.8 6163.0 155.0 -199.0 4.457 0.045 -0.261 1.022 0.378 -0.093 1.09 0.194 -0.132
3002 9071593 K02257.01 32.5637069 0.0002472 -0.0002472 5.548 0.181 -0.181 620.0 29.1 -29.1 0.024334 0.005002 -0.001834 0.66288 1.0953 -0.05157 2.22 0.7 -0.18 15.98 14.72 -3.89 5575.0 148.0 -153.0 4.558 0.03 -0.216 0.834 0.263 -0.067 0.917 0.077 -0.096
3029 3661886 K02279.02 12.5094525 0.0001127 -0.0001127 3.456 0.276 -0.276 157.9 11.9 -11.9 0.011645 0.000386 -0.000754 2.28333 0.69002 -1.01046 1.16 0.45 -0.11 101.51 116.38 -27.9 6167.0 162.0 -184.0 4.487 0.056 -0.284 0.913 0.357 -0.087 0.933 0.107 -0.105
3056 4458082 K02303.01 4.89337519 2.526e-05 -2.526e-05 3.316 0.117 -0.117 138.4 7.6 -7.6 0.010879 0.000411 -0.000367 1.15805 0.04909 -0.51075 1.57 1.18 -0.25 803.93 1952.76 -326.46 6680.0 177.0 -299.0 4.323 0.074 -0.424 1.319 0.999 -0.205 1.334 0.286 -0.253
3088 11121752 K02333.01 3.930871 2.346e-05 -2.346e-05 2.973 0.138 -0.138 95.5 5.6 -5.6 0.008968 0.000435 -0.00024 1.25891 0.17243 -0.47607 1.07 0.18 -0.11 608.08 276.42 -157.46 6043.0 108.0 -123.0 4.352 0.093 -0.129 1.097 0.18 -0.113 0.987 0.066 -0.062
3181 8611832 K02414.01 22.5965999 0.0002138 -0.0002138 6.205 0.169 -0.169 152.9 7.3 -7.3 0.011242 0.000501 -0.00028 0.80039 0.05672 -0.29886 1.12 0.23 -0.14 34.92 20.8 -9.65 5585.0 127.0 -98.0 4.409 0.117 -0.138 0.91 0.189 -0.108 0.773 0.076 -0.029
3189 7107802 K02420.02 5.46748701 5.614e-05 -5.614e-05 3.051 0.283 -0.283 90.7 10.5 -10.5 0.008714 0.000578 -0.000608 1.55639 0.35033 -0.78383 0.87 0.35 -0.07 238.33 279.1 -60.93 5851.0 152.0 -173.0 4.515 0.035 -0.29 0.918 0.367 -0.077 1.007 0.116 -0.123
3191 11360805 K02422.01 26.7839183 0.0001786 -0.0001786 4.517 0.163 -0.163 453.4 26.3 -26.3 0.019666 0.000437 -0.001107 1.8739 1.08972 -0.20153 2.12 0.76 -0.26 27.36 29.44 -8.33 5495.0 160.0 -137.0 4.412 0.102 -0.242 0.985 0.355 -0.121 0.912 0.096 -0.062
3217 11080405 K02442.02 12.3102846 0.0001442 -0.0001442 3.624 0.217 -0.217 296.8 26.0 -26.0 0.015528 0.000935 -0.000847 2.11687 0.42588 -0.90199 1.26 0.26 -0.1 39.15 24.68 -9.57 5177.0 167.0 -136.0 4.578 0.039 -0.109 0.746 0.148 -0.062 0.77 0.116 -0.07
3235 7604328 K02458.02 2.936584681 8.405e-06 -8.405e-06 1.8519 0.0746 -0.0746 332.1 16.8 -16.8 0.016491 0.000915 -0.000365 4.05093 0.54716 -1.54502 1.64 0.81 -0.23 473.18 732.1 -159.7 5455.0 177.0 -149.0 4.421 0.125 -0.321 0.909 0.452 -0.127 0.795 0.146 -0.06
3279 5959719 K02498.01 6.73811219 4.091e-05 -4.091e-05 2.437 0.136 -0.136 107.4 7.9 -7.9 0.009275 0.00052 -0.000403 4.0141 0.3897 -1.8366 0.78 0.06 -0.04 90.19 23.13 -14.35 5168.0 105.0 NaN 4.566 0.029 -0.054 0.769 0.059 -0.036 0.793 0.048 -0.045
3392 8883329 K02595.01 9.18247194 6.025e-05 -6.025e-05 4.319 0.149 -0.149 84.7 4.6 -4.6 0.008635 0.000234 -0.000355 0.75606 0.32339 -0.13266 1.51 0.84 -0.36 537.32 882.45 -267.47 6735.0 161.0 -234.0 4.144 0.166 -0.31 1.604 0.883 -0.384 1.315 0.273 -0.253
3412 9602613 K02612.01 4.61226344 3.259e-05 -3.259e-05 2.701 0.16 -0.16 29.3 2.4 -2.4 0.005487 0.001432 -0.000628 0.48544 1.54548 -0.38405 0.55 0.23 -0.07 262.3 320.42 -80.96 5461.0 162.0 -126.0 4.423 0.113 -0.265 0.924 0.375 -0.119 0.824 0.129 -0.064
3478 11253827 K02672.02 42.99255302 4.509e-05 -4.509e-05 4.6011 0.0398 -0.0398 1108.1 8.8 -8.8 0.030168 0.000576 -0.000278 3.97302 0.055 -1.47276 3.49 1.28 -0.65 18.79 20.33 -7.44 5579.0 153.0 -128.0 4.317 0.181 -0.235 1.06 0.389 -0.197 0.85 0.13 -0.061
3511 11071200 K02696.02 44.5645251 0.0002595 -0.0002595 7.61 0.154 -0.154 354.5 10.5 -10.5 0.018639 3e-06 -0.001408 0.28538 0.51402 -0.24088 3.39 2.07 -0.72 79.76 149.67 -37.28 7030.0 183.0 -260.0 4.143 0.134 -0.346 1.666 1.018 -0.355 1.411 0.303 -0.282
3520 9730163 K02704.02 2.984153469 8.833e-06 -8.833e-06 1.278 0.0716 -0.0716 5191.0 278.0 -278.0 0.068494 0.018243 -0.004101 8.55118 9.0726 -0.10513 1.41 0.94 -0.4 7.81 17.16 -4.1 3327.0 125.0 -58.0 5.113 0.14 -0.167 0.189 0.125 -0.054 0.169 0.148 -0.049
3529 5272233 K02711.01 9.02439889 2.597e-05 -2.597e-05 3.1419 0.0644 -0.0644 214.9 6.5 -6.5 0.013472 0.000336 -0.000326 2.38563 0.29203 -0.74979 1.69 0.93 -0.22 215.36 355.13 -72.03 6099.0 146.0 -190.0 4.35 0.098 -0.315 1.146 0.633 -0.15 1.07 0.252 -0.119
3570 4831728 K02739.02 7.09559216 9.078e-05 -9.078e-05 3.826 0.402 -0.402 105.0 12.5 -12.5 0.009605 0.000459 -0.000814 0.69317 0.81158 -0.22707 1.01 0.43 -0.09 166.45 217.24 -44.79 5754.0 168.0 -194.0 4.498 0.039 -0.307 0.96 0.416 -0.081 1.057 0.183 -0.13
3601 9008737 K02768.01 11.8288843 0.0003158 -0.0003158 3.337 0.398 -0.398 191.0 23.5 -23.5 0.012612 0.000992 -0.00087 2.50636 1.52567 -1.64242 1.18 0.45 -0.09 67.13 76.62 -15.93 5653.0 165.0 -161.0 4.551 0.026 -0.272 0.857 0.327 -0.064 0.952 0.081 -0.095
3677 6467363 K02840.01 3.67934645 2.201e-05 -2.201e-05 3.622 0.161 -0.161 87.3 5.3 -5.3 0.008519 0.000495 -0.000222 0.65132 0.12553 -0.25132 0.79 0.36 -0.1 361.27 501.37 -107.58 5676.0 173.0 -140.0 4.474 0.092 -0.287 0.848 0.386 -0.101 0.781 0.126 -0.053
3828 11090556 K02977.01 2.78815679 2.021e-05 -2.021e-05 3.326 0.146 -0.146 58.3 3.7 -3.7 0.007194 0.000119 -0.000462 0.43698 0.30791 -0.04714 0.77 0.33 -0.07 861.28 1071.7 -236.61 6245.0 158.0 -191.0 4.463 0.051 -0.297 0.981 0.417 -0.092 1.015 0.162 -0.116
3875 11618601 K03022.01 2.76263462 1.609e-05 -1.609e-05 1.893 0.13 -0.13 196.3 16.1 -16.1 0.012799 0.000844 -0.000548 3.40955 0.29535 -2.04641 1.26 0.53 -0.1 544.05 690.26 -134.98 5772.0 169.0 -172.0 4.528 0.03 -0.302 0.901 0.38 -0.071 0.999 0.117 -0.116
3908 8827575 K03052.01 10.12960534 8.406e-05 -8.406e-05 3.239 0.264 -0.264 95.2 7.7 -7.7 0.008953 0.000391 -0.000521 2.0632 0.87313 -0.91528 0.92 0.39 -0.12 96.89 122.71 -31.88 5466.0 167.0 -133.0 4.401 0.129 -0.27 0.946 0.395 -0.132 0.821 0.135 -0.062
3936 2715695 K03077.01 4.09577947 1.985e-05 -1.985e-05 1.653 0.124 -0.124 523.5 49.2 -49.2 0.021727 0.007493 -0.001512 4.25127 4.6624 -0.24197 1.76 0.16 -0.13 124.3 43.41 -28.99 4791.0 151.0 -125.0 4.577 0.033 -0.051 0.742 0.068 -0.057 0.759 0.072 -0.063
4060 9002538 K03196.01 4.96064303 2.96e-05 -2.96e-05 2.846 0.142 -0.142 21.0 1.8 -1.8 0.004235 0.000235 -0.000206 1.7692 0.36857 -0.7302 0.64 0.4 -0.13 800.55 1502.73 -359.45 6422.0 145.0 -195.0 4.234 0.147 -0.339 1.392 0.866 -0.293 1.21 0.293 -0.192
4156 7983117 K03214.01 11.49499722 8.871e-05 -8.871e-05 7.564 0.152 -0.152 49.4 2.5 -2.5 0.007586 5e-06 -0.001181 0.02271 0.17689 -0.0074 2.59 1.0 -1.42 893.54 1027.16 -731.49 6036.0 177.0 -182.0 3.623 0.52 -0.229 3.132 1.202 -1.714 1.502 0.213 -0.479
4291 3529290 K03340.01 8.9539813 0.0001801 -0.0001801 4.915 0.367 -0.367 77.9 7.1 -7.1 0.008304 0.000339 -0.000555 0.43633 0.40989 -0.092 0.86 0.32 -0.1 171.51 187.43 -50.71 6168.0 159.0 -179.0 4.452 0.072 -0.274 0.947 0.355 -0.104 0.925 0.114 -0.1
4262 8644365 K03384.01 10.54842565 5.896e-05 -5.896e-05 1.35 0.167 -0.167 105.7 11.4 -11.4 0.009653 0.000459 -0.000748 25.73761 18.66167 -12.90571 1.15 0.21 -0.09 152.96 74.2 -32.79 6053.0 94.0 -130.0 4.396 0.056 -0.136 1.09 0.198 -0.081 1.074 0.066 -0.066
4485 6368175 K03503.01 21.1875846 0.0004476 -0.0004476 2.776 0.493 -0.493 81.1 12.4 -12.4 0.008331 0.000542 -0.000935 8.55359 0.13203 -6.77717 0.77 0.33 -0.05 48.81 62.35 -10.95 6338.0 171.0 -179.0 4.545 0.031 -0.319 0.847 0.365 -0.057 0.918 0.093 -0.103
4935 11967788 K04021.02 4.93209467 3.909e-05 -3.909e-05 3.4 0.188 -0.188 67.7 5.2 -5.2 0.007686 0.000279 -0.000454 0.98174 0.16414 -0.42862 1.63 0.81 -0.41 2167.4 3378.65 -1156.01 7232.0 228.0 -333.0 4.043 0.165 -0.291 1.937 0.975 -0.483 1.509 0.306 -0.312
5012 5688683 K04097.01 2.790649339 3.709e-06 -3.709e-06 0.662 0.0643 -0.0643 223.9 14.9 -14.9 0.013602 0.001247 -0.000415 84.27852 22.74049 -47.09527 0.92 0.09 -0.08 110.57 37.06 -30.1 4358.0 125.0 -134.0 4.662 0.042 -0.047 0.62 0.057 -0.057 0.643 0.053 -0.066
5066 10875007 K04149.01 9.54698999 9.717e-05 -9.717e-05 4.844 0.223 -0.223 162.8 8.0 -8.0 0.011685 0.002145 -0.000702 0.73506 0.03854 -0.32882 1.61 1.15 -0.25 241.56 553.16 -94.41 6271.0 168.0 -253.0 4.34 0.083 -0.397 1.259 0.907 -0.192 1.266 0.255 -0.221
5272 5177859 K04246.01 6.98471973 5.94e-05 -5.94e-05 2.723 0.214 -0.214 88.0 8.8 -8.8 0.008521 0.00055 -0.000557 2.99774 0.38559 -1.73139 1.15 0.53 -0.21 300.62 414.84 -124.12 5841.0 155.0 -176.0 4.275 0.159 -0.253 1.235 0.573 -0.229 1.046 0.236 -0.121
5317 11081504 K04287.02 9.6184 0.0001052 -0.0001052 4.064 0.244 -0.244 24.0 2.4 -2.4 0.004575 0.000266 -0.000269 0.93171 0.60731 -0.20439 0.76 0.4 -0.21 378.36 594.23 -200.37 6344.0 146.0 -188.0 4.152 0.214 -0.286 1.517 0.807 -0.412 1.194 0.283 -0.202
5209 4548011 K04288.01 6.28385491 4.246e-05 -4.246e-05 4.124 0.163 -0.163 38.3 2.6 -2.6 0.005669 0.000271 -0.000216 0.72715 0.09289 -0.29965 0.75 0.14 -0.1 367.84 174.81 -112.64 5989.0 105.0 -122.0 4.295 0.11 -0.123 1.219 0.211 -0.161 1.07 0.079 -0.075
5312 6937529 K04382.01 2.94654179 3.471e-05 -3.471e-05 3.28 0.274 -0.274 58.4 5.3 -5.3 0.007105 0.000363 -0.000378 0.62367 0.29918 -0.23948 0.91 0.43 -0.11 1193.77 1670.14 -394.59 6484.0 155.0 -225.0 4.377 0.067 -0.283 1.173 0.56 -0.143 1.195 0.238 -0.182
5482 8278685 K04435.01 10.8614955 0.0001629 -0.0001629 6.029 0.42 -0.42 68.5 5.8 -5.8 0.007628 0.000342 -0.000392 0.42845 0.21603 -0.16576 0.84 0.34 -0.07 152.71 176.12 -40.82 6328.0 151.0 -188.0 4.456 0.047 -0.279 1.013 0.405 -0.092 1.069 0.189 -0.124
5440 6520753 K04504.01 4.13034253 3.108e-05 -3.108e-05 2.619 0.183 -0.183 339.0 28.2 -28.2 0.016645 0.001394 -0.000355 2.02531 0.61623 -0.81256 1.46 0.61 -0.12 227.04 301.74 -57.32 5487.0 202.0 -165.0 4.566 0.032 -0.265 0.803 0.337 -0.065 0.868 0.099 -0.085
5593 5511659 K04541.01 8.52917865 9.745e-05 -9.745e-05 3.317 0.273 -0.273 353.7 33.1 -33.1 0.017895 0.000626 -0.001302 1.13695 1.25691 -0.27629 1.82 0.73 -0.18 146.17 173.59 -40.35 5915.0 161.0 -171.0 4.481 0.055 -0.282 0.931 0.374 -0.091 0.958 0.123 -0.107
5714 6527078 K04657.01 7.57616782 8.276e-05 -8.276e-05 3.121 0.243 -0.243 52.0 4.9 -4.9 0.006555 0.000275 -0.00049 1.87316 0.62827 -0.86476 0.55 0.18 -0.04 86.49 83.19 -20.02 5366.0 168.0 -142.0 4.592 0.028 -0.19 0.773 0.245 -0.058 0.856 0.087 -0.094
5976 5769810 K04913.01 6.78788803 5.054e-05 -5.054e-05 2.381 0.241 -0.241 84.5 10.1 -10.1 0.008497 0.000668 -0.000505 4.23373 1.32724 -2.35277 1.37 0.76 -0.32 620.4 1022.07 -304.24 6543.0 152.0 -233.0 4.203 0.158 -0.31 1.48 0.82 -0.344 1.277 0.269 -0.234
