"rowid" "kepid" "kepoi.Name" "koi.period" "koi.period.err1" "koi.period.err2" "koi.duration" "koi.duration.err1" "koi.duration.err2" "koi.depth" "koi.depth.err1" "koi.depth.err2" "koi.ror" "koi.ror.err1" "koi.ror.err2" "koi.srho" "koi.srho.err1" "koi.srho.err2" "koi.prad" "koi.prad.err1" "koi.prad.err2" "koi.insol" "koi.insol.err1" "koi.insol.err2" "koi.steff" "koi.steff.err1" "koi.steff.err2" "koi.slogg" "koi.slogg.err1" "koi.slogg.err2" "koi.srad" "koi.srad.err1" "koi.srad.err2" "koi.smass" "koi.smass.err1" "koi.smass.err2"
196 7831264 K00171.02 13.071489 4.489e-05 -4.489e-05 3.0522 0.0786 -0.0786 244.6 8.2 -8.2 0.014426 0.000496 -0.000233 4.04639 0.22373 -1.59713 1.85 1.21 -0.22 163.73 332.28 -52.13 6484.0 166.0 -218.0 4.377 0.064 -0.366 1.173 0.768 -0.136 1.195 0.281 -0.176
257 4249725 K00222.02 12.79455062 2.701e-05 -2.701e-05 3.4051 0.0516 -0.0516 870.0 17.1 -17.1 0.026391 0.000792 -0.000468 2.90469 0.14669 -0.88189 1.64 0.26 -0.26 10.15 12.14 -4.18 4096.0 538.0 -187.0 4.697 0.095 -0.095 0.57 0.09 -0.09 0.59 0.09 -0.09
278 7219825 K00238.02 26.6951659 0.0002627 -0.0002627 4.505 0.22 -0.22 141.3 11.6 -11.6 0.010946 0.000561 -0.000537 2.32377 0.61329 -0.6935 1.31 0.22 -0.12 47.48 21.9 -11.32 6086.0 104.0 -124.0 4.367 0.077 -0.134 1.092 0.184 -0.099 1.012 0.063 -0.058
279 6383785 K00239.01 5.640677572 3.781e-06 -3.781e-06 2.9016 0.0359 -0.0359 1529.0 12.4 -12.4 0.038083 0.000281 -0.001914 0.93488 1.15279 -0.03205 4.11 1.66 -0.39 327.41 387.35 -94.55 6217.0 162.0 -212.0 4.472 0.048 -0.29 0.989 0.399 -0.095 1.056 0.183 -0.134
287 4349452 K00244.01 12.720374354 2.117e-06 -2.117e-06 2.59373 0.00729 -0.00729 1176.3 2.7 -2.7 0.031556 0.000266 -9.8e-05 6.64458 0.05919 -1.36683 4.51 0.08 -0.08 185.61 16.45 -15.33 6270.0 79.0 -79.0 4.279 0.009 -0.009 1.309 0.023 -0.023 1.187 0.06 -0.06
306 10489206 K00251.02 5.77442209 2.923e-05 -2.923e-05 1.819 0.119 -0.119 265.3 21.3 -21.3 0.01496 0.000943 -0.000513 7.41893 2.16422 -3.03027 0.85 0.1 -0.1 19.38 6.39 -5.23 3810.0 64.0 -65.0 4.738 0.07 -0.07 0.52 0.06 -0.06 0.54 0.06 -0.06
311 7021681 K00255.01 27.52197994 3.295e-05 -3.295e-05 4.0704 0.0389 -0.0389 2500.8 28.6 -28.6 0.045014 0.000692 -0.000436 3.84555 0.10821 -0.84279 2.51 0.29 -0.3 2.26 0.76 -0.65 3770.0 66.0 -78.0 4.747 0.071 -0.071 0.51 0.06 -0.06 0.53 0.06 -0.06
330 7375348 K00266.02 47.7436033 0.0002785 -0.0002785 2.458 0.14 -0.14 102.7 6.4 -6.4 0.009407 0.0002 -0.000567 23.68615 5.72907 -8.67021 1.82 0.8 -0.63 56.05 74.67 -35.33 6283.0 181.0 -237.0 4.046 0.278 -0.241 1.768 0.783 -0.607 1.269 0.269 -0.262
338 8077137 K00274.02 22.8029808 0.0001078 -0.0001078 4.9916 0.0986 -0.0986 66.4 3.0 -3.0 0.007846 0.001421 -0.000408 0.72433 0.74243 -0.55371 1.42 0.03 -0.03 120.93 11.97 -11.08 6072.0 75.0 -75.0 4.07 0.011 -0.011 1.659 0.038 -0.038 1.184 0.074 -0.074
353 5695396 K00283.02 25.5170646 0.0001964 -0.0001964 5.141 0.174 -0.174 63.1 3.3 -3.3 0.007384 0.000229 -0.000318 1.12942 0.67857 -0.16441 0.77 0.13 -0.03 30.65 14.51 -5.17 5791.0 107.0 -133.0 4.505 0.022 -0.143 0.958 0.163 -0.043 1.071 0.049 -0.083
373 11547513 K00295.02 10.10575303 3.215e-05 -3.215e-05 2.019 0.0861 -0.0861 111.6 5.8 -5.8 0.009753 0.000325 -0.000348 9.05906 2.4557 -2.44115 1.63 0.85 -0.44 292.12 459.47 -159.33 6068.0 167.0 -231.0 4.167 0.202 -0.292 1.533 0.796 -0.416 1.263 0.235 -0.247
381 3642289 K00301.02 11.4485946 8.059e-05 -8.059e-05 4.911 0.143 -0.143 76.0 3.7 -3.7 0.008071 0.000279 -0.00024 0.73661 0.13394 -0.21272 1.07 0.78 -0.14 196.08 449.5 -67.94 6388.0 141.0 -225.0 4.349 0.076 -0.394 1.209 0.891 -0.159 1.187 0.297 -0.17
385 6029239 K00304.01 8.512035877 4.498e-06 -4.498e-06 2.1916 0.0158 -0.0158 573.8 4.7 -4.7 0.022001 0.000296 -0.000114 7.26858 0.12967 -1.42422 4.38 1.73 -1.61 580.47 668.62 -374.18 6164.0 158.0 -179.0 3.985 0.326 -0.196 1.825 0.72 -0.671 1.173 0.299 -0.201
395 7050989 K00312.02 16.3992561 2.915e-05 -2.915e-05 3.4167 0.0445 -0.0445 229.5 4.4 -4.4 0.013892 0.000342 -0.000228 3.48528 0.14237 -1.23571 1.8 0.36 -0.17 102.7 51.83 -25.74 6156.0 78.0 -135.0 4.354 0.06 -0.137 1.188 0.233 -0.113 1.168 0.092 -0.109
410 8753657 K00321.02 4.62333557 1.632e-05 -1.632e-05 3.0364 0.0782 -0.0782 62.4 2.7 -2.7 0.00717 0.000342 -0.000174 1.34256 0.19197 -0.48642 0.76 0.14 -0.03 290.8 147.54 -48.57 5697.0 117.0 -118.0 4.487 0.029 -0.15 0.973 0.174 -0.047 1.058 0.064 -0.072
425 10290666 K00332.02 6.8667851 0.0001038 -0.0001038 4.106 0.34 -0.34 42.2 4.6 -4.6 0.005892 0.000422 -0.000373 0.75468 0.36777 -0.28731 0.81 0.18 -0.12 279.56 169.86 -94.62 5716.0 96.0 -132.0 4.29 0.113 -0.157 1.259 0.285 -0.186 1.126 0.101 -0.107
437 10878263 K00341.01 7.170732075 7.987e-06 -7.987e-06 2.9407 0.0358 -0.0358 921.3 11.3 -11.3 0.02902 0.002049 -0.001458 1.298 1.14459 -0.05942 3.0 0.54 -0.25 151.65 76.0 -32.88 5523.0 103.0 NaN 4.437 0.078 -0.134 0.946 0.171 -0.078 0.892 0.063 -0.042
460 11568987 K00354.01 15.95994513 2.216e-05 -2.216e-05 4.3653 0.0358 -0.0358 544.1 7.3 -7.3 0.021262 0.000372 -0.000216 1.7083 0.07826 -0.37705 2.24 0.34 -0.1 63.95 26.96 -10.79 5936.0 102.0 -131.0 4.501 0.022 -0.127 0.965 0.147 -0.045 1.075 0.041 -0.081
477 8494142 K00370.01 42.88232415 9.342e-05 -9.342e-05 9.7716 0.0763 -0.0763 377.5 4.2 -4.2 0.018978 0.000845 -0.001092 0.15669 0.20909 -0.01493 3.83 0.11 -0.1 63.25 8.19 -7.4 6144.0 106.0 -106.0 4.022 0.012 -0.012 1.85 0.05 -0.05 1.319 0.101 -0.101
535 5791986 K00413.02 24.67464211 8.292e-05 -8.292e-05 3.0887 0.0801 -0.0801 670.8 22.1 -22.1 0.023409 0.00087 -0.000477 7.40274 0.58269 -2.51845 2.09 0.82 -0.17 21.16 25.2 -5.08 5460.0 172.0 -143.0 4.553 0.033 -0.251 0.818 0.32 -0.066 0.874 0.093 -0.082
557 10717241 K00430.01 12.3764661 1.298e-05 -1.298e-05 2.7534 0.0472 -0.0472 1771.0 22.4 -22.4 0.040251 0.00331 -0.00188 2.78093 2.51358 -0.7465 2.11 0.26 -0.26 6.12 2.45 -1.72 3797.0 98.0 -58.0 4.783 0.075 -0.075 0.48 0.06 -0.06 0.51 0.06 -0.06
601 7440748 K00457.02 7.064256441 6.605e-06 -6.605e-06 1.3826 0.0282 -0.0282 733.0 15.8 -15.8 0.024226 0.001015 -0.000271 24.23054 3.18123 -7.12598 1.96 0.31 -0.15 72.02 38.15 -16.23 5079.0 160.0 -130.0 4.609 0.027 -0.101 0.739 0.12 -0.054 0.817 0.078 -0.089
675 6266741 K00508.02 16.66591162 3.044e-05 -3.044e-05 4.1701 0.0531 -0.0531 781.6 13.8 -13.8 0.025194 0.00076 -0.000298 2.08535 0.04597 -0.64012 2.72 0.4 -0.13 52.11 21.46 -9.09 5655.0 107.0 -126.0 4.481 0.03 -0.125 0.99 0.143 -0.049 1.081 0.048 -0.08
701 8806123 K00523.01 49.41117582 6.312e-05 -6.312e-05 5.3113 0.0769 -0.0769 3584.8 34.4 -34.4 0.064244 0.00039 -0.001007 0.56415 0.08656 -0.04231 7.48 3.91 -0.76 20.87 32.54 -6.15 6220.0 156.0 -207.0 4.414 0.061 -0.319 1.066 0.557 -0.108 1.07 0.245 -0.119
727 11823054 K00543.01 4.302143627 4.721e-06 -4.721e-06 1.9687 0.0294 -0.0294 767.4 13.8 -13.8 0.025041 0.000598 -0.000379 4.86015 0.44691 -1.17166 2.08 0.53 -0.15 174.86 136.76 -39.06 5324.0 170.0 -135.0 4.597 0.027 -0.155 0.761 0.193 -0.055 0.84 0.089 -0.09
731 12058931 K00546.01 20.68422311 5.199e-05 -5.199e-05 6.4615 0.089 -0.089 952.8 16.8 -16.8 0.029485 5.2e-05 -0.001454 0.37705 0.32573 -0.02488 3.69 2.22 -0.43 71.48 131.9 -22.23 6215.0 163.0 -195.0 4.397 0.062 -0.343 1.145 0.689 -0.132 1.195 0.253 -0.188
738 4270253 K00551.01 11.63701734 3.19e-05 -3.19e-05 3.35 0.0758 -0.0758 647.3 20.1 -20.1 0.023182 0.000798 -0.00042 2.75072 0.27443 -0.82198 2.39 0.9 -0.21 92.5 102.95 -24.89 5888.0 159.0 -194.0 4.504 0.038 -0.278 0.944 0.357 -0.081 1.037 0.131 -0.128
761 7595157 K00568.01 3.383538066 5.11e-06 -5.11e-06 1.4365 0.0442 -0.0442 272.4 8.8 -8.8 0.014902 0.000604 -0.000285 9.97929 0.27184 -4.52953 1.33 0.4 -0.09 285.94 253.54 -63.31 5438.0 157.0 -139.0 4.574 0.023 -0.204 0.82 0.244 -0.058 0.92 0.066 -0.09
771 8193178 K00572.01 10.64022272 2.917e-05 -2.917e-05 5.4357 0.088 -0.088 465.9 9.1 -9.1 0.02153 0.0 -0.001841 0.17649 0.34922 -0.07531 2.58 0.85 -0.46 161.98 156.75 -65.25 5945.0 166.0 -170.0 4.308 0.168 -0.219 1.099 0.36 -0.199 0.896 0.138 -0.08
775 8355239 K00574.01 20.13488968 3.555e-05 -3.555e-05 3.6754 0.0637 -0.0637 1208.0 20.6 -20.6 0.034056 0.003264 -0.002471 1.45819 2.17059 -0.04411 2.81 0.6 -0.21 20.57 14.13 -4.71 5228.0 175.0 -137.0 4.6 0.028 -0.132 0.755 0.163 -0.056 0.836 0.084 -0.093
783 8616637 K00579.02 3.763042361 5.822e-06 -5.822e-06 1.5147 0.0414 -0.0414 361.3 10.5 -10.5 0.01705 0.000641 -0.000435 9.62119 0.52205 -3.73742 1.46 0.36 -0.1 204.26 156.99 -45.57 5239.0 171.0 -135.0 4.585 0.026 -0.159 0.785 0.194 -0.056 0.868 0.075 -0.086
823 4832837 K00605.02 5.06549681 3.379e-05 -3.379e-05 2.334 0.166 -0.166 151.0 13.4 -13.4 0.011499 0.000346 -0.000882 2.20541 1.91766 -0.32004 0.7 0.12 -0.11 29.14 27.02 -10.09 3941.0 369.0 -73.0 4.705 0.097 -0.097 0.56 0.09 -0.09 0.58 0.09 -0.09
853 4478168 K00626.01 14.58649607 2.876e-05 -2.876e-05 4.0393 0.0561 -0.0561 391.3 8.4 -8.4 0.018484 0.000189 -0.000645 1.45262 0.6518 -0.14265 2.05 0.32 -0.11 93.38 39.45 -16.64 6157.0 92.0 -129.0 4.449 0.029 -0.124 1.014 0.16 -0.055 1.05 0.044 -0.063
855 4563268 K00627.01 7.75192492 1.063e-05 -1.063e-05 3.4849 0.0354 -0.0354 406.0 5.5 -5.5 0.018523 0.000323 -0.000304 1.46273 0.21965 -0.31905 2.17 0.5 -0.1 215.38 133.82 -36.8 6077.0 98.0 -135.0 4.444 0.023 -0.174 1.072 0.25 -0.051 1.165 0.095 -0.094
879 5531694 K00647.02 8.1134713 0.0001919 -0.0001919 4.995 0.605 -0.605 43.9 5.2 -5.2 0.006246 0.000294 -0.000523 0.38175 0.40946 -0.20636 0.74 0.32 -0.09 289.18 360.19 -92.58 6458.0 162.0 -209.0 4.378 0.082 -0.276 1.089 0.464 -0.13 1.028 0.172 -0.114
927 7509886 K00678.01 6.04045294 1.073e-05 -1.073e-05 2.0703 0.0467 -0.0467 273.2 7.1 -7.1 0.014845 0.000531 -0.000348 5.74212 0.56413 -1.92463 2.53 1.67 -1.13 409.76 880.97 -296.79 5244.0 180.0 -141.0 4.02 0.481 -0.331 1.56 1.028 -0.695 0.929 0.144 -0.088
929 7515212 K00679.01 31.80474045 9.869e-05 -9.869e-05 8.2336 0.0641 -0.0641 330.9 5.3 -5.3 0.01652 0.000239 -0.000213 0.48859 0.02887 -0.07204 2.06 0.51 -0.18 33.82 22.35 -7.9 5914.0 98.0 -129.0 4.38 0.06 -0.179 1.141 0.282 -0.097 1.137 0.096 -0.092
942 8480285 K00691.01 29.66629667 6.106e-05 -6.106e-05 8.4117 0.0537 -0.0537 660.7 7.7 -7.7 0.023503 0.000358 -0.000208 0.45103 0.00497 -0.08942 2.7 0.48 -0.3 37.22 18.29 -10.11 5955.0 114.0 -120.0 4.361 0.104 -0.138 1.053 0.185 -0.117 0.93 0.071 -0.065
1161 5531576 K00837.01 7.95355717 1.72e-05 -1.72e-05 2.6287 0.0538 -0.0538 961.6 24.7 -24.7 0.027497 0.001171 -0.000536 4.00824 0.25344 -1.40509 2.3 0.26 -0.17 60.67 24.75 -14.21 4988.0 161.0 -138.0 4.586 0.028 -0.075 0.766 0.087 -0.057 0.823 0.061 -0.077
1206 6949607 K00870.02 8.98584768 1.483e-05 -1.483e-05 3.028 0.0604 -0.0604 905.3 16.4 -16.4 0.031108 6.3e-05 -0.004038 0.75106 1.89763 -0.28877 1.94 0.3 -0.31 15.86 24.92 -6.01 4072.0 720.0 -133.0 4.697 0.101 -0.101 0.57 0.09 -0.09 0.59 0.1 -0.1
1276 8505670 K00912.01 10.84844792 1.02e-05 -1.02e-05 2.9596 0.029 -0.029 1743.3 18.7 -18.7 0.036938 0.000982 -0.000471 3.83419 0.13182 -1.04099 2.38 0.36 -0.36 14.78 33.7 -5.24 4208.0 1067.0 -111.0 4.681 0.097 -0.097 0.59 0.09 -0.09 0.61 0.1 -0.1
1412 1432789 K00992.01 9.93143556 5.945e-05 -5.945e-05 5.659 0.139 -0.139 445.1 19.8 -19.8 0.01922 0.000722 -0.000501 0.48669 0.0211 -0.16396 1.92 0.75 -0.16 109.11 123.45 -29.01 5880.0 157.0 -190.0 4.518 0.034 -0.283 0.917 0.353 -0.078 1.01 0.112 -0.126
1525 3240158 K01106.02 15.9870174 0.0001999 -0.0001999 4.279 0.262 -0.262 210.1 19.2 -19.2 0.013451 0.00074 -0.000752 1.50391 0.49101 -0.593 1.48 0.6 -0.14 84.56 100.09 -24.16 6225.0 156.0 -209.0 4.461 0.048 -0.287 1.009 0.41 -0.096 1.07 0.197 -0.134
1600 10337517 K01165.01 7.053936122 7.49e-06 -7.49e-06 1.5785 0.0322 -0.0322 521.1 10.1 -10.1 0.020968 0.00046 -0.000277 15.23842 1.62262 -3.73911 2.55 0.87 -0.55 267.95 269.65 -118.1 5775.0 164.0 -140.0 4.267 0.212 -0.221 1.114 0.378 -0.239 0.839 0.142 -0.054
1611 10350571 K01175.01 31.5922646 0.0006809 -0.0006809 13.84 0.512 -0.512 156.8 10.0 -10.0 0.011467 0.000324 -0.000697 0.08675 0.03374 -0.01658 2.24 0.58 -0.57 71.35 50.79 -34.35 5611.0 110.0 -98.0 3.958 0.205 -0.135 1.791 0.463 -0.455 1.062 0.177 -0.131
1663 3939150 K01215.02 33.0063025 0.0001528 -0.0001528 7.201 0.117 -0.117 274.0 7.8 -7.8 0.0151 0.00049 -0.000241 0.77359 0.05721 -0.2212 2.79 0.69 -0.6 72.72 50.11 -31.17 5941.0 121.0 -113.0 4.032 0.174 -0.129 1.692 0.42 -0.363 1.125 0.187 -0.112
1695 6448890 K01241.01 21.4054901 0.0001219 -0.0001219 11.657 0.443 -0.443 402.3 7.9 -7.9 0.024556 0.000249 -0.002046 0.00683 0.00671 -0.00295 11.34 0.41 -0.4 320.44 51.51 -45.51 4840.0 97.0 -97.0 3.306 0.045 -0.045 4.23 0.15 -0.15 1.32 0.13 -0.13
1729 8564587 K01270.02 11.60907117 3.665e-05 -3.665e-05 2.757 0.145 -0.145 517.6 23.2 -23.2 0.528449 0.471139 -0.204553 0.07686 0.01771 -0.01654 45.65 10.33 -3.47 48.72 34.11 -11.32 5324.0 166.0 -140.0 4.585 0.026 -0.15 0.791 0.179 -0.06 0.884 0.066 -0.098
1742 8628758 K01279.01 14.37457351 3.236e-05 -3.236e-05 4.782 0.057 -0.057 345.9 6.7 -6.7 0.016889 0.000503 -0.000203 1.16591 0.03924 -0.35192 1.9 0.34 -0.18 81.7 40.95 -20.45 5775.0 111.0 -117.0 4.389 0.089 -0.139 1.031 0.185 -0.101 0.95 0.066 -0.061
1789 10794087 K01316.02 12.37679312 NaN NaN 3.85 NaN NaN NaN NaN NaN NaN 0.001 0.001 NaN NaN NaN NaN NaN NaN NaN NaN NaN NaN NaN NaN NaN NaN NaN NaN 1.4 1.4 NaN 0.5 0.5
1852 6936909 K01363.02 5.70071153 2.47e-05 -2.47e-05 1.641 0.109 -0.109 384.1 29.9 -29.9 0.017928 0.001126 -0.000655 11.48591 1.68549 -5.04815 1.93 0.77 -0.17 270.62 320.24 -78.7 5993.0 167.0 -227.0 4.489 0.041 -0.288 0.986 0.393 -0.089 1.093 0.189 -0.148
1901 8874090 K01404.02 18.9062244 0.0002388 -0.0002388 3.693 0.274 -0.274 414.4 42.6 -42.6 0.019118 0.000901 -0.00139 2.14774 2.15967 -0.27435 0.94 0.19 -0.19 3.03 2.99 -1.3 3750.0 315.0 -105.0 4.813 0.125 -0.125 0.45 0.09 -0.09 0.48 0.1 -0.1
2055 9821454 K01529.01 17.9776157 0.0001874 -0.0001874 4.96 0.432 -0.432 221.3 14.7 -14.7 0.014683 0.000308 -0.000935 0.42761 1.70706 -0.07286 1.62 0.7 -0.15 76.46 95.44 -21.32 6305.0 155.0 -201.0 4.458 0.048 -0.296 1.011 0.433 -0.095 1.066 0.199 -0.129
2145 5289854 K01593.02 15.3825006 0.0001047 -0.0001047 3.891 0.154 -0.154 576.9 37.1 -37.1 0.021975 0.001029 -0.000821 2.26029 0.35982 -0.73512 2.19 0.91 -0.19 61.61 76.71 -16.6 5896.0 172.0 -193.0 4.516 0.036 -0.298 0.914 0.379 -0.079 1.0 0.12 -0.125
2337 3967760 K01760.02 8.77508519 5.56e-05 -5.56e-05 3.293 0.172 -0.172 383.6 30.5 -30.5 0.018115 0.000738 -0.001098 1.53878 1.09701 -0.37913 1.85 0.67 -0.16 104.68 113.17 -26.49 5497.0 160.0 -147.0 4.486 0.052 -0.258 0.936 0.339 -0.082 0.978 0.079 -0.083
2364 10005758 K01783.02 284.060953 0.00119 -0.00119 7.793 0.241 -0.241 1650.3 35.7 -35.7 0.042082 0.000451 -0.003955 1.15157 5.05712 -0.04258 4.4 1.55 -0.39 1.68 1.7 -0.44 6215.0 152.0 -181.0 4.488 0.044 -0.263 0.957 0.338 -0.084 1.027 0.131 -0.118
2416 2989404 K01824.01 3.553829671 4.868e-06 -4.868e-06 3.0447 0.0344 -0.0344 194.1 2.9 -2.9 0.012849 0.000261 -0.000215 1.04614 0.06549 -0.39291 1.93 1.17 -0.42 1174.24 2142.23 -545.12 6277.0 150.0 -194.0 4.211 0.178 -0.312 1.378 0.831 -0.304 1.123 0.306 -0.145
2448 5080636 K01843.02 6.35582284 3.396e-05 -3.396e-05 1.525 0.145 -0.145 200.6 22.1 -22.1 0.01285 0.000605 -0.001435 10.20387 8.74629 -2.76076 0.63 0.11 -0.07 11.02 5.47 -2.83 3584.0 69.0 -54.0 4.799 0.06 -0.09 0.45 0.08 -0.05 0.464 0.08 -0.05
2485 4939346 K01873.01 71.3116583 0.0005167 -0.0005167 8.781 0.124 -0.124 2366.0 58.0 -58.0 0.044574 0.00107 -0.000628 1.00968 0.0136 -0.29469 5.18 2.15 -0.52 11.79 14.72 -3.74 6167.0 181.0 -259.0 4.444 0.047 -0.273 1.064 0.442 -0.106 1.149 0.216 -0.165
2505 11074178 K01889.01 14.30511983 4.34e-05 -4.34e-05 4.449 0.136 -0.136 949.8 25.2 -25.2 0.03346 0.000401 -0.004522 0.1919 1.45045 -0.03018 3.11 1.34 -0.25 55.23 71.04 -13.14 5735.0 163.0 -149.0 4.548 0.03 -0.298 0.852 0.366 -0.068 0.934 0.097 -0.098
2508 8680979 K01891.01 15.95545002 4.701e-05 -4.701e-05 4.0285 0.0756 -0.0756 857.0 22.3 -22.3 0.027246 0.003752 -0.001041 1.41561 0.63314 -1.10621 2.21 0.35 -0.16 25.0 13.18 -5.67 5108.0 164.0 -130.0 4.608 0.027 -0.101 0.743 0.119 -0.055 0.825 0.072 -0.092
2519 7047922 K01899.01 19.76172042 6.67e-05 -6.67e-05 3.5906 0.0841 -0.0841 395.9 12.6 -12.6 0.019145 0.002483 -0.000811 1.8432 1.87638 -0.27375 2.46 1.29 -0.44 92.38 166.4 -47.34 6327.0 301.0 -493.0 4.327 0.131 -0.295 1.175 0.617 -0.21 1.064 0.277 -0.158
2532 5706966 K01908.02 24.0882568 0.0001541 -0.0001541 3.97 0.135 -0.135 399.2 19.1 -19.1 0.018787 0.00493 -0.001356 1.79423 1.61173 -0.33019 1.2 0.11 -0.11 4.83 1.53 -1.13 4159.0 94.0 -78.0 4.68 0.034 -0.053 0.583 0.057 -0.053 0.589 0.058 -0.053
2570 5202905 K01932.01 22.8245485 0.000227 -0.000227 6.499 0.284 -0.284 313.1 22.6 -22.6 0.016406 0.000766 -0.000637 0.73443 0.05998 -0.29515 5.69 1.26 -1.98 1040.56 689.73 -668.63 8241.0 226.0 -345.0 3.745 0.295 -0.112 3.177 0.704 -1.108 2.046 0.36 -0.397
2579 10005788 K01940.01 10.99469878 1.88e-05 -1.88e-05 1.6434 0.0478 -0.0478 971.8 33.8 -33.8 0.031603 9.6e-05 -0.003467 6.61712 16.58809 -3.2146 2.02 0.19 -0.21 16.24 5.52 -4.86 4302.0 130.0 -140.0 4.661 0.064 -0.033 0.586 0.053 -0.062 0.573 0.06 -0.045
2629 9412760 K01977.01 9.38742889 1.868e-05 -1.868e-05 1.4659 0.0592 -0.0592 395.9 15.2 -15.2 0.017717 0.001087 -0.000294 25.50198 4.6717 -9.75741 1.22 0.1 -0.13 23.88 7.42 -6.89 4386.0 128.0 -132.0 4.629 0.058 -0.026 0.63 0.051 -0.065 0.616 0.065 -0.052
2691 11450414 K01992.02 27.3216332 0.0002474 -0.0002474 3.763 0.289 -0.289 248.0 19.6 -19.6 0.015074 0.000313 -0.001097 2.28765 3.05178 -0.10961 1.64 0.64 -0.15 37.07 41.08 -10.42 6092.0 144.0 -198.0 4.471 0.046 -0.278 0.998 0.385 -0.094 1.074 0.183 -0.139
2696 4736569 K01996.01 10.13202575 3.028e-05 -3.028e-05 3.1376 0.0731 -0.0731 962.2 27.9 -27.9 0.028226 0.000799 -0.000709 2.92653 0.35977 -0.8493 1.73 0.13 -0.12 25.66 8.41 -6.37 4777.0 173.0 -166.0 4.689 0.052 -0.034 0.561 0.041 -0.039 0.561 0.042 -0.025
2685 8564674 K02022.02 12.24764145 4.021e-05 -4.021e-05 3.3744 0.0806 -0.0806 469.7 15.0 -15.0 0.019781 0.000736 -0.000339 2.8443 0.32839 -0.91015 1.97 0.68 -0.16 85.38 86.71 -21.43 5941.0 156.0 -175.0 4.519 0.034 -0.258 0.911 0.317 -0.074 1.001 0.1 -0.119
2704 3657758 K02034.01 3.609308907 5.102e-06 -5.102e-06 1.7448 0.0379 -0.0379 1583.4 33.7 -33.7 0.036633 0.000604 -0.000995 5.36485 1.34372 -1.12727 3.47 1.49 -0.27 336.16 443.05 -84.09 5668.0 181.0 -174.0 4.545 0.028 -0.3 0.868 0.373 -0.068 0.963 0.097 -0.1
2707 6382217 K02036.01 8.41100287 2.406e-05 -2.406e-05 2.3762 0.0801 -0.0801 862.3 34.3 -34.3 0.030884 0.000193 -0.004991 1.40227 4.10653 -0.33518 1.76 0.34 -0.16 13.04 7.52 -3.19 3903.0 104.0 -77.0 4.735 0.06 -0.1 0.523 0.1 -0.05 0.541 0.1 -0.05
2813 8612275 K02111.02 7.1864526 1.842e-05 -1.842e-05 1.4341 0.0573 -0.0573 417.0 19.1 -19.1 0.018768 0.001013 -0.000322 21.41412 3.52455 -6.09098 2.11 0.87 -0.23 234.86 288.07 -72.31 6052.0 162.0 -201.0 4.424 0.068 -0.283 1.028 0.427 -0.113 1.022 0.18 -0.123
2815 7207061 K02113.01 15.94251522 5.823e-05 -5.823e-05 3.4926 0.0781 -0.0781 1164.8 38.7 -38.7 0.030672 0.001243 -0.000463 3.45158 0.16228 -1.19433 2.7 1.0 -0.2 34.06 40.09 -8.24 5376.0 201.0 -162.0 4.576 0.026 -0.24 0.806 0.299 -0.06 0.897 0.08 -0.089
2869 5211199 K02158.02 6.68228463 5.803e-05 -5.803e-05 3.248 0.181 -0.181 49.9 4.5 -4.5 0.006361 0.000532 -0.000221 1.6762 0.15542 -0.84919 1.01 0.55 -0.39 374.67 621.26 -248.84 5445.0 158.0 -139.0 4.061 0.415 -0.289 1.46 0.788 -0.569 0.896 0.103 -0.081
2876 9205938 K02162.02 199.664537 0.002935 -0.002935 8.583 0.347 -0.347 307.2 19.8 -19.8 0.016717 0.000123 -0.001239 1.51923 1.51641 -0.04913 1.54 0.66 -0.11 2.07 2.6 -0.47 6106.0 152.0 -174.0 4.556 0.027 -0.312 0.844 0.363 -0.059 0.935 0.099 -0.11
2896 11774991 K02173.02 53.5778376 0.0002944 -0.0002944 5.447 0.129 -0.129 276.1 11.5 -11.5 0.017355 0.002422 -0.002542 0.60284 2.19372 -0.10391 1.36 0.08 -0.05 3.55 0.75 -0.5 4722.0 91.0 -97.0 4.607 0.014 -0.042 0.718 0.042 -0.025 0.759 0.032 -0.042
2995 8168187 K02209.02 35.502955 0.001419 -0.001419 7.94 1.0 -1.0 109.5 13.1 -13.1 0.009742 0.000401 -0.00096 0.44659 0.25156 -0.2554 0.85 0.39 -0.07 15.31 21.14 -3.7 5692.0 170.0 -139.0 4.547 0.045 -0.285 0.8 0.364 -0.068 0.822 0.11 -0.069
2975 10723367 K02236.01 19.9866157 0.00013 -0.00013 4.173 0.358 -0.358 733.3 40.2 -40.2 0.031886 0.000375 -0.007201 0.14544 4.28786 -0.08293 2.95 1.01 -0.23 37.06 36.9 -8.98 5821.0 154.0 -162.0 4.554 0.03 -0.245 0.848 0.289 -0.067 0.937 0.091 -0.106
2984 4770617 K02243.02 8.45808312 4.757e-05 -4.757e-05 3.068 0.127 -0.127 263.6 15.8 -15.8 0.014927 0.000737 -0.000439 2.48739 0.32407 -0.98642 1.67 0.61 -0.16 192.5 206.46 -53.01 6163.0 155.0 -199.0 4.457 0.045 -0.261 1.022 0.378 -0.093 1.09 0.194 -0.132
3003 9071593 K02257.02 59.2841571 0.000635 -0.000635 5.311 0.291 -0.291 468.8 39.0 -39.0 0.019622 0.001077 -0.001106 3.34692 0.53254 -1.46814 1.79 0.56 -0.15 7.19 6.62 -1.75 5575.0 148.0 -153.0 4.558 0.03 -0.216 0.834 0.263 -0.067 0.917 0.077 -0.096
3028 3661886 K02279.01 27.0141783 0.0001417 -0.0001417 5.336 0.125 -0.125 295.9 12.7 -12.7 0.015809 0.000524 -0.000422 1.56542 0.05279 -0.5495 1.58 0.61 -0.15 36.35 41.67 -9.99 6167.0 162.0 -184.0 4.487 0.056 -0.284 0.913 0.357 -0.087 0.933 0.107 -0.105
3057 4458082 K02303.02 8.93490815 7.091e-05 -7.091e-05 2.221 0.184 -0.184 137.7 12.0 -12.0 0.010911 0.000346 -0.000771 6.33595 0.91337 -3.151 1.57 1.19 -0.24 360.0 874.46 -146.19 6680.0 177.0 -299.0 4.323 0.074 -0.424 1.319 0.999 -0.205 1.334 0.286 -0.253
3089 11121752 K02333.02 7.63006848 4.13e-05 -4.13e-05 2.699 0.128 -0.128 127.9 7.7 -7.7 0.010399 0.000431 -0.000415 3.15664 0.41 -1.3123 1.25 0.2 -0.13 251.3 114.23 -65.07 6043.0 108.0 -123.0 4.352 0.093 -0.129 1.097 0.18 -0.113 0.987 0.066 -0.062
3182 8611832 K02414.02 45.3485277 0.0003371 -0.0003371 4.627 0.173 -0.173 176.3 11.6 -11.6 0.012116 0.000597 -0.000419 3.69419 0.60762 -1.28504 1.2 0.25 -0.14 13.79 8.21 -3.81 5585.0 127.0 -98.0 4.409 0.117 -0.138 0.91 0.189 -0.108 0.773 0.076 -0.029
3188 7107802 K02420.01 10.41725184 6.556e-05 -6.556e-05 4.187 0.145 -0.145 199.0 11.5 -11.5 0.012844 0.000662 -0.00038 1.24284 0.0014 -0.63047 1.29 0.51 -0.11 100.89 118.16 -25.79 5851.0 152.0 -173.0 4.515 0.035 -0.29 0.918 0.367 -0.077 1.007 0.116 -0.123
3192 11360805 K02422.02 57.3885599 0.0005752 -0.0005752 3.382 0.258 -0.258 405.8 40.8 -40.8 0.018167 0.00128 -0.001035 12.73463 1.71213 -6.47344 1.95 0.71 -0.24 9.91 10.65 -3.02 5495.0 160.0 -137.0 4.412 0.102 -0.242 0.985 0.355 -0.121 0.912 0.096 -0.062
3216 11080405 K02442.01 25.1934467 0.0001798 -0.0001798 4.607 0.161 -0.161 587.8 32.2 -32.2 0.021858 0.000786 -0.000846 2.13674 0.37747 -0.63011 1.78 0.35 -0.15 15.07 9.5 -3.68 5177.0 167.0 -136.0 4.578 0.039 -0.109 0.746 0.148 -0.062 0.77 0.116 -0.07
3234 7604328 K02458.01 4.35409304 1.933e-05 -1.933e-05 2.313 0.102 -0.102 301.6 17.6 -17.6 0.015706 0.000694 -0.000602 3.05943 0.28537 -1.22531 1.56 0.77 -0.22 279.53 432.48 -94.35 5455.0 177.0 -149.0 4.421 0.125 -0.321 0.909 0.452 -0.127 0.795 0.146 -0.06
3280 5959719 K02498.02 13.0600422 0.0001179 -0.0001179 2.902 0.268 -0.268 110.1 10.2 -10.2 0.009599 0.000335 -0.000833 3.5831 1.12309 -2.02326 0.81 0.06 -0.04 37.3 9.57 -5.93 5168.0 105.0 NaN 4.566 0.029 -0.054 0.769 0.059 -0.036 0.793 0.048 -0.045
3393 8883329 K02595.02 14.6134251 0.0001397 -0.0001397 5.251 0.169 -0.169 74.6 4.9 -4.9 0.008003 0.000425 -0.000225 0.86396 0.02905 -0.35408 1.4 0.77 -0.33 289.17 474.89 -143.95 6735.0 161.0 -234.0 4.144 0.166 -0.31 1.604 0.883 -0.384 1.315 0.273 -0.253
3413 9602613 K02612.02 7.57306383 6.078e-05 -6.078e-05 2.598 0.19 -0.19 30.1 3.0 -3.0 0.005389 0.001869 -0.000508 1.29692 2.26635 -1.21021 0.54 0.22 -0.07 135.57 165.61 -41.84 5461.0 162.0 -126.0 4.423 0.113 -0.265 0.924 0.375 -0.119 0.824 0.129 -0.064
3477 11253827 K02672.01 88.5112563 0.0001156 -0.0001156 7.4072 0.0868 -0.0868 2636.4 10.7 -10.7 0.052424 0.000606 -0.000593 0.57056 0.06408 -0.08689 6.07 2.23 -1.13 7.17 7.77 -2.84 5579.0 153.0 -128.0 4.317 0.181 -0.235 1.06 0.389 -0.197 0.85 0.13 -0.061
3510 11071200 K02696.01 96.4561033 0.0003084 -0.0003084 11.209 0.194 -0.194 932.2 13.8 -13.8 0.030583 0.001819 -0.002108 0.17582 0.41238 -0.0143 5.56 3.4 -1.18 28.49 53.45 -13.32 7030.0 183.0 -260.0 4.143 0.134 -0.346 1.666 1.018 -0.355 1.411 0.303 -0.282
3519 9730163 K02704.01 4.871222215 7.992e-06 -7.992e-06 1.5265 0.0443 -0.0443 12587.0 319.0 -319.0 0.101142 0.002133 -0.002936 13.62752 3.25127 -2.11226 2.09 1.38 -0.6 4.05 8.9 -2.12 3327.0 125.0 -58.0 5.113 0.14 -0.167 0.189 0.125 -0.054 0.169 0.148 -0.049
3530 5272233 K02711.02 17.34088462 8.292e-05 -8.292e-05 3.465 0.121 -0.121 170.8 8.2 -8.2 0.011989 0.000452 -0.000383 3.49044 0.40787 -1.20971 1.5 0.83 -0.2 90.17 148.69 -30.16 6099.0 146.0 -190.0 4.35 0.098 -0.315 1.146 0.633 -0.15 1.07 0.252 -0.119
3569 4831728 K02739.01 10.10769068 4.951e-05 -4.951e-05 3.657 0.102 -0.102 324.8 13.5 -13.5 0.016439 0.000523 -0.000508 1.66269 0.31719 -0.40281 1.72 0.75 -0.14 103.86 135.56 -27.95 5754.0 168.0 -194.0 4.498 0.039 -0.307 0.96 0.416 -0.081 1.057 0.183 -0.13
3602 9008737 K02768.02 14.7512034 0.000204 -0.000204 1.25 0.311 -0.311 261.1 39.3 -39.3 0.017404 0.005426 -0.004114 8.85148 13.23658 -0.10453 1.63 0.62 -0.12 49.97 57.04 -11.85 5653.0 165.0 -161.0 4.551 0.026 -0.272 0.857 0.327 -0.064 0.952 0.081 -0.095
3678 6467363 K02840.02 7.446473 0.0001067 -0.0001067 4.114 0.34 -0.34 74.5 7.1 -7.1 0.00803 0.000357 -0.000544 0.66406 0.40212 -0.22445 0.74 0.34 -0.08 141.12 195.85 -42.02 5676.0 173.0 -140.0 4.474 0.092 -0.287 0.848 0.386 -0.101 0.781 0.126 -0.053
3829 11090556 K02977.02 4.13827595 2.616e-05 -2.616e-05 3.449 0.165 -0.165 62.2 4.3 -4.3 0.007873 0.001589 -0.000636 0.24713 0.63572 -0.21824 0.84 0.36 -0.08 507.63 631.65 -139.46 6245.0 158.0 -191.0 4.463 0.051 -0.297 0.981 0.417 -0.092 1.015 0.162 -0.116
3876 11618601 K03022.02 5.05366499 5.282e-05 -5.282e-05 2.305 0.237 -0.237 183.8 19.9 -19.9 0.012511 0.000729 -0.000826 2.94628 1.42506 -1.41839 1.23 0.52 -0.1 243.06 308.38 -60.3 5772.0 169.0 -172.0 4.528 0.03 -0.302 0.901 0.38 -0.071 0.999 0.117 -0.116
3909 8827575 K03052.02 15.611223 0.0001354 -0.0001354 3.784 0.248 -0.248 95.9 8.5 -8.5 0.008828 0.000535 -0.000466 2.49272 0.28741 -1.34268 0.91 0.38 -0.13 54.44 68.94 -17.92 5466.0 167.0 -133.0 4.401 0.129 -0.27 0.946 0.395 -0.132 0.821 0.135 -0.062
3937 2715695 K03077.02 7.55839292 8.996e-05 -8.996e-05 2.835 0.324 -0.324 477.1 51.0 -51.0 0.019326 0.001186 -0.001419 2.87689 15.58707 -1.14386 1.57 0.14 -0.12 54.85 19.15 -12.8 4791.0 151.0 -125.0 4.577 0.033 -0.051 0.742 0.068 -0.057 0.759 0.072 -0.063
4061 9002538 K03196.02 6.88298548 4.482e-05 -4.482e-05 1.774 0.175 -0.175 32.3 3.1 -3.1 0.005351 0.000236 -0.000361 7.25856 4.42127 -3.29214 0.81 0.51 -0.17 517.46 971.32 -232.34 6422.0 145.0 -195.0 4.234 0.147 -0.339 1.392 0.866 -0.293 1.21 0.293 -0.192
4157 7983117 K03214.02 25.0898366 0.0004414 -0.0004414 8.087 0.443 -0.443 41.5 3.4 -3.4 0.005919 0.000301 -0.000291 0.3843 0.03541 -0.17128 2.02 0.78 -1.1 315.46 362.63 -258.25 6036.0 177.0 -182.0 3.623 0.52 -0.229 3.132 1.202 -1.714 1.502 0.213 -0.479
4292 3529290 K03340.02 13.7280953 0.0001502 -0.0001502 5.292 0.244 -0.244 107.9 7.7 -7.7 0.009658 0.000369 -0.000537 0.65601 0.20123 -0.23691 1.0 0.37 -0.11 97.06 106.08 -28.69 6168.0 159.0 -179.0 4.452 0.072 -0.274 0.947 0.355 -0.104 0.925 0.114 -0.1
4263 8644365 K03384.02 19.9157725 0.0001284 -0.0001284 6.154 0.148 -0.148 147.0 6.0 -6.0 0.011962 0.001761 -0.000887 0.24486 0.46133 -0.00456 1.42 0.26 -0.1 65.52 31.78 -14.05 6053.0 94.0 -130.0 4.396 0.056 -0.136 1.09 0.198 -0.081 1.074 0.066 -0.066
4486 6368175 K03503.02 31.8245304 0.0007928 -0.0007928 4.17 1.0 -1.0 79.0 23.0 -23.0 0.008651 0.002002 -0.000546 1.52846 43.74551 -1.35833 0.8 0.34 -0.05 28.37 36.25 -6.36 6338.0 171.0 -179.0 4.545 0.031 -0.319 0.847 0.365 -0.057 0.918 0.093 -0.103
4934 11967788 K04021.01 7.23532906 4.217e-05 -4.217e-05 3.207 0.134 -0.134 107.3 6.4 -6.4 0.00966 0.000343 -0.000405 1.79269 0.35367 -0.57483 2.04 1.03 -0.51 1298.7 2024.48 -692.68 7232.0 228.0 -333.0 4.043 0.165 -0.291 1.937 0.975 -0.483 1.509 0.306 -0.312
5013 5688683 K04097.02 4.44905545 2.409e-05 -2.409e-05 1.739 0.137 -0.137 91.6 8.4 -8.4 0.0088 0.000436 -0.000632 4.96677 4.64275 -1.18388 0.6 0.05 -0.06 59.42 19.91 -16.18 4358.0 125.0 -134.0 4.662 0.042 -0.047 0.62 0.057 -0.057 0.643 0.053 -0.066
5067 10875007 K04149.02 14.7087355 0.0001953 -0.0001953 4.996 0.303 -0.303 166.3 11.9 -11.9 0.011815 0.000491 -0.000592 1.02521 0.09021 -0.47613 1.62 1.17 -0.24 135.8 310.99 -53.07 6271.0 168.0 -253.0 4.34 0.083 -0.397 1.259 0.907 -0.192 1.266 0.255 -0.221
5273 5177859 K04246.02 8.7562403 0.0001023 -0.0001023 3.299 0.269 -0.269 90.3 10.3 -10.3 0.011737 0.000112 -0.003413 0.04832 2.80322 -0.00281 1.58 0.74 -0.29 222.52 307.07 -91.88 5841.0 155.0 -176.0 4.275 0.159 -0.253 1.235 0.573 -0.229 1.046 0.236 -0.121
5316 11081504 K04287.01 13.12307232 8.588e-05 -8.588e-05 2.223 0.151 -0.151 39.8 3.6 -3.6 0.005896 0.000262 -0.000376 7.97694 4.15518 -2.81865 0.98 0.52 -0.27 250.07 392.76 -132.43 6344.0 146.0 -188.0 4.152 0.214 -0.286 1.517 0.807 -0.412 1.194 0.283 -0.202
5210 4548011 K04288.02 9.0874933 0.0001162 -0.0001162 3.579 0.243 -0.243 37.5 3.4 -3.4 0.005612 0.000382 -0.000223 1.58356 0.4164 -0.67262 0.75 0.13 -0.1 225.01 106.93 -68.91 5989.0 105.0 -122.0 4.295 0.11 -0.123 1.219 0.211 -0.161 1.07 0.079 -0.075
5313 6937529 K04382.02 3.98167088 5.262e-05 -5.262e-05 3.609 0.283 -0.283 44.7 5.4 -5.4 0.006188 0.000488 -0.000347 0.68735 0.21346 -0.32762 0.79 0.38 -0.09 798.79 1117.56 -264.03 6484.0 155.0 -225.0 4.377 0.067 -0.283 1.173 0.56 -0.143 1.195 0.238 -0.182
5483 8278685 K04435.02 17.8693759 0.0004703 -0.0004703 6.886 0.507 -0.507 63.0 6.8 -6.8 0.007351 0.000283 -0.000642 0.42644 0.13361 -0.16424 0.81 0.33 -0.07 78.58 90.61 -21.01 6328.0 151.0 -188.0 4.456 0.047 -0.279 1.013 0.405 -0.092 1.069 0.189 -0.124
5441 6520753 K04504.02 8.11935247 8.191e-05 -8.191e-05 3.568 0.218 -0.218 349.3 31.9 -31.9 0.017059 0.000973 -0.000972 1.38029 0.53434 -0.44952 1.5 0.62 -0.13 92.01 122.29 -23.23 5487.0 202.0 -165.0 4.566 0.032 -0.265 0.803 0.337 -0.065 0.868 0.099 -0.085
5594 5511659 K04541.02 17.2360532 0.0002803 -0.0002803 4.138 0.461 -0.461 320.4 40.1 -40.1 0.016586 0.001055 -0.001261 1.70857 0.74015 -0.9121 1.69 0.67 -0.17 57.24 67.98 -15.8 5915.0 161.0 -171.0 4.481 0.055 -0.282 0.931 0.374 -0.091 0.958 0.123 -0.107
5715 6527078 K04657.02 10.43149238 7.627e-05 -7.627e-05 2.002 0.179 -0.179 60.8 7.1 -7.1 0.007053 0.000419 -0.000667 10.56812 3.63362 -5.23078 0.6 0.18 -0.05 56.48 54.33 -13.07 5366.0 168.0 -142.0 4.592 0.028 -0.19 0.773 0.245 -0.058 0.856 0.087 -0.094
5977 5769810 K04913.02 8.97374036 8.875e-05 -8.875e-05 2.209 0.276 -0.276 109.8 14.5 -14.5 0.009686 0.000645 -0.000781 7.0284 0.64959 -6.80525 1.57 0.86 -0.37 427.27 703.9 -209.53 6543.0 152.0 -233.0 4.203 0.158 -0.31 1.48 0.82 -0.344 1.277 0.269 -0.234
